2 0.000356
4 0.000049
8 0.000076
16 0.000104
32 0.000162
64 0.000251
128 0.000420
256 0.000646
512 0.001707
1024 0.002604
2048 0.007721
4096 0.007212
8192 0.011840
16384 0.020246
32768 0.039216
65536 0.084204
131072 0.185507
262144 0.372100
524288 0.737250
1048576 1.512869
2097152 3.069317
4194304 6.369620
8388608 13.790762
16777216 27.472596
---
2 0.000155
4 0.000015
8 0.000019
16 0.000027
32 0.000048
64 0.000065
128 0.000115
256 0.000213
512 0.000422
1024 0.000852
2048 0.001773
4096 0.003914
8192 0.008354
16384 0.017576
32768 0.036044
65536 0.076815
131072 0.164685
262144 0.354004
524288 0.723351
1048576 1.480603
2097152 3.007972
4194304 6.242548
8388608 13.006137
16777216 27.410112
---
2 0.000062
4 0.000015
8 0.000021
16 0.000031
32 0.000048
64 0.000077
128 0.000140
256 0.000254
512 0.000480
1024 0.000947
2048 0.002004
4096 0.004042
8192 0.008598
16384 0.018495
32768 0.037511
65536 0.081471
131072 0.166175
262144 0.351713
524288 0.741049
1048576 1.560810
2097152 3.120379
4194304 6.464663
8388608 13.723930
16777216 27.724730
---
2 0.000126
4 0.000015
8 0.000022
16 0.000031
32 0.000047
64 0.000077
128 0.000134
256 0.000243
512 0.000467
1024 0.000931
2048 0.002023
4096 0.004104
8192 0.008448
16384 0.018078
32768 0.037079
65536 0.082605
131072 0.175437
262144 0.358201
524288 0.778528
1048576 1.468852
2097152 3.214939
4194304 6.639604
8388608 13.467185
16777216 27.638723
---
2 0.000071
4 0.000015
8 0.000021
16 0.000031
32 0.000046
64 0.000074
128 0.000130
256 0.000239
512 0.000464
1024 0.000945
2048 0.002017
4096 0.004842
8192 0.008809
16384 0.018514
32768 0.038293
65536 0.081905
131072 0.185242
262144 0.368109
524288 0.786915
1048576 1.777534
2097152 3.311308
4194304 6.658116
8388608 14.237553
16777216 27.408414
---
2 0.000086
4 0.000015
8 0.000021
16 0.000031
32 0.000047
64 0.000076
128 0.000131
256 0.000306
512 0.000470
1024 0.000942
2048 0.002024
4096 0.004059
8192 0.008594
16384 0.019656
32768 0.039281
65536 0.093868
131072 0.184409
262144 0.395683
524288 0.740156
1048576 1.622910
2097152 3.246506
4194304 6.893039
8388608 13.613702
16777216 28.177216
---
2 0.015084
4 0.000060
8 0.000033
16 0.000041
32 0.000452
64 0.000287
128 0.000144
256 0.000619
512 0.000854
1024 0.001854
2048 0.002798
4096 0.004006
8192 0.008685
16384 0.022198
32768 0.042228
65536 0.082032
131072 0.207377
262144 0.412169
524288 0.843712
1048576 1.666901
2097152 3.424471
4194304 6.780123
8388608 14.142165
16777216 28.184295
---
2 0.000141
4 0.000015
8 0.000022
16 0.000034
32 0.000048
64 0.000076
128 0.000134
256 0.000260
512 0.000466
1024 0.000929
2048 0.002103
4096 0.004487
8192 0.008828
16384 0.017688
32768 0.037825
65536 0.086795
131072 0.179753
262144 0.453955
524288 0.872681
1048576 1.590242
2097152 3.328649
4194304 6.699628
8388608 13.390944
16777216 28.684916
---
2 0.000075
4 0.000018
8 0.000026
16 0.000037
32 0.000058
64 0.000093
128 0.000185
256 0.000349
512 0.000771
1024 0.001185
2048 0.002159
4096 0.004419
8192 0.010972
16384 0.019157
32768 0.039363
65536 0.082660
131072 0.176388
262144 0.371396
524288 0.768160
1048576 1.634998
2097152 3.312270
4194304 6.957308
8388608 13.508976
16777216 28.047922
---
2 0.000087
4 0.000016
8 0.000022
16 0.000031
32 0.000048
64 0.000079
128 0.000140
256 0.000255
512 0.000492
1024 0.000986
2048 0.002310
4096 0.004402
8192 0.009585
16384 0.020155
32768 0.047514
65536 0.127466
131072 0.232809
262144 0.391425
524288 0.796363
1048576 1.556699
2097152 3.184418
4194304 6.343210
8388608 13.393757
16777216 27.119625