2 0.000012 5 0.000042 0.000005 0.000005 0.000004 0.000004
4 0.000008 5 0.000009 0.000008 0.000008 0.000007 0.000007
8 0.000016 5 0.000017 0.000016 0.000015 0.000015 0.000016
16 0.000033 5 0.000034 0.000033 0.000033 0.000033 0.000033
32 0.000072 5 0.000077 0.000071 0.000070 0.000070 0.000070
64 0.000156 5 0.000158 0.000161 0.000155 0.000153 0.000154
128 0.000406 5 0.000351 0.000342 0.000340 0.000438 0.000558
256 0.000829 5 0.000965 0.000759 0.000783 0.000877 0.000761
512 0.002275 5 0.002079 0.002477 0.002727 0.002197 0.001895
1024 0.002274 5 0.003054 0.002318 0.002131 0.001939 0.001929
2048 0.004257 5 0.003905 0.003808 0.005425 0.004570 0.003576
4096 0.008821 5 0.007833 0.007820 0.009658 0.010956 0.007840
8192 0.018537 5 0.020187 0.016591 0.019587 0.016636 0.019687
16384 0.038965 5 0.038588 0.038825 0.038931 0.040343 0.038138
32768 0.080311 5 0.081443 0.084236 0.082938 0.076201 0.076737
65536 0.181257 5 0.168323 0.165631 0.184009 0.194874 0.193449
131072 0.387816 5 0.406771 0.388950 0.381929 0.371569 0.389861
262144 0.760610 5 0.773413 0.748215 0.761286 0.755004 0.765131
524288 1.606750 5 1.625558 1.605977 1.602995 1.601660 1.597560
1048576 3.247980 5 3.381460 3.286172 3.184288 3.173329 3.214654
2097152 6.830956 5 6.754106 6.729304 6.983965 6.871480 6.815925
4194304 14.353661 5 14.416474 14.207019 14.419920 14.032211 14.692680
8388608 30.307465 5 31.749406 29.278540 29.603588 30.599529 30.306261
16777216 61.683848 5 62.589443 62.337535 61.412750 60.905117 61.174396