24
2 0.000012
4 0.000008
8 0.000016
16 0.000033
32 0.000072
64 0.000156
128 0.000406
256 0.000829
512 0.002275
1024 0.002274
2048 0.004257
4096 0.008821
8192 0.018537
16384 0.038965
32768 0.080311
65536 0.181257
131072 0.387816
262144 0.760610
524288 1.606750
1048576 3.247980
2097152 6.830956
4194304 14.353661
8388608 30.307465
16777216 61.683848
2 24
2 0.000140
4 0.000030
8 0.000044
16 0.000056
32 0.000085
64 0.000144
128 0.000259
256 0.000507
512 0.001026
1024 0.002194
2048 0.004685
4096 0.009451
8192 0.013072
16384 0.021783
32768 0.045906
65536 0.097653
131072 0.203228
262144 0.440809
524288 1.010461
1048576 2.102665
2097152 4.385071
4194304 9.036416
8388608 18.533904
16777216 36.290352
4 24
2 0.000182
4 0.000033
8 0.000046
16 0.000067
32 0.000109
64 0.000198
128 0.000323
256 0.000756
512 0.001235
1024 0.002523
2048 0.005122
4096 0.009410
8192 0.013102
16384 0.021582
32768 0.044993
65536 0.094196
131072 0.199289
262144 0.413876
524288 0.731721
1048576 1.685620
2097152 3.010668
4194304 6.321111
8388608 13.915674
16777216 27.475021
6 24
2 0.000171
4 0.000025
8 0.000033
16 0.000049
32 0.000082
64 0.000122
128 0.000211
256 0.000393
512 0.000763
1024 0.001409
2048 0.002731
4096 0.005430
8192 0.009441
16384 0.019710
32768 0.040208
65536 0.081709
131072 0.177044
262144 0.368823
524288 0.755761
1048576 1.554903
2097152 3.168234
4194304 6.306064
8388608 13.057265
16777216 27.251480
8 24
2 0.029190
4 0.000025
8 0.000033
16 0.000052
32 0.000420
64 0.000115
128 0.000207
256 0.000338
512 0.000809
1024 0.002165
2048 0.002376
4096 0.004110
8192 0.022592
16384 0.031627
32768 0.055196
65536 0.116368
131072 0.235838
262144 0.600831
524288 0.881786
1048576 1.748917
2097152 3.460345
4194304 6.662776
8388608 14.283121
16777216 27.828625